3948685149465904030685403420260127
0257097649855904035427907320260206
1037378889525905013824410620260127
3111083529265905027505804020260128
5469627120445904045216001320260112
9548599943145905029292909320260114
5042156520345905048068408720260123
8312940028495904035024905920260113
2175793970175905015556003220260118
1906293035435905049640811020260202
5199317575415904005154607020260113
0587871022975904015762407320260202
9739380531055904018284711120260122
8185468398385904004965303220260129
6002269911705904015873206120260123
1729501881695904047723504620260121
4383618603265904022786904020260117
0199882118775904021504805720260118
5684911877655905031705109920260112
6782342241085904011220403320260122
7738034681315904036664203620260207
5023674744225904019785301920260201
0494454049655905003527404620260208
8466337330585904045678108520260111
3823024353945904008704502120260127
5149016446675904012685004520260113
7147692710275904033766201820260205
0311414562885905041729308020260115
6342710194875904030862005920260121
4292895587575904044275201820260115
0222302360785904045437607220260201
4552453970995905026613901720260205
9946267080745904041688305820260109
8136257920055904047803004120260123
7794747065945904042649901520260121
4576291921155904046165708720260113
7020681224945904029164806620260109
0970012235175905033033603720260120
3125865681375904026751303120260129
9508425032285904024355605620260122
2018705197805904049873706520260205
0765022396725904048363401320260206
4081267427135904029794509320260124
7050917079295904033662807820260202
9475265326075905008672003920260122
1275728025015904040977802120260116
2907198425645905049617501820260113
7007508742825904036143307120260207
5501841679315904012280402720260130
7565458378125904042119609420260203
2741490459465904032491307320260129
1210339594155904006847310320260127
6036742647615904021148210920260131
2301195589195904026855807620260127
9998268544955905049572102920260121
2859167883085905030006510620260113
1578513798135904049556805520260118
8795557541415905020973901620260126
2805128482795904027320108820260119
5259537638635904036968905320260122
2870252384925904003101701920260113
3404717883985904017288308520260202
8507405572255904006455811220260115
1990376563765904021388104320260110
1319226731945904038911710320260117
2167040516925904024696906220260116
7408103941915904036726303320260205
2378841183095904045928803020260202
5378749647705904021778905320260118
0276600874925904010492402220260112
6486269377975904000726303820260115
2934563990015904008388406320260112
6686234677325905023452310020260127
3318640609515904017336201820260118
3236764376615904005452404120260206
6863907178835904027960304620260131
5636830998315904008308603220260109
4226408829665905019854901920260127
4303966949185904043749312020260112
7968374595805904038326310220260117
1347080808605904022320704620260206
3251976179685904016377708320260115
9037570305205905007346706720260123
8018030578315904043233209620260110
0693210119785904032827807420260111
4679509213245904027002304920260119
6446903421865904017855604920260206
9673021110115905047999907520260204
2048319136025904041998709120260112
0584011246805904045033910020260129
8150179509855904023718210620260130
3485360405375904038337001320260125
2889931486885904036867807720260112
0714764219255904002173508420260204
8683458895345904027876101320260201
4901610388725904007045006120260117
5987039149665904001149901820260123
4739332279605904007691005720260114
6592906095425904046178410220260118
2632144216635904047361706920260121
